21	20
-20	0	-20	0	-20	0	-20	0	-20	0	-20	0	-20	0	-20	0	-20	0	-20	0	-20	0	-20	0	-20	0	-20	0	-20	0	-20	0	-20	0	-20	0	-11	1	4	94	
-20	0	-20	0	-20	0	-20	0	-20	0	-20	0	-20	0	-20	0	-20	0	-20	0	-20	0	-20	0	-20	0	15	25	4	47	14	44	5	7	3	60	16	42	12	91	
-20	0	-20	0	-20	0	-20	0	-20	0	-20	0	-20	0	-20	0	-20	0	-20	0	-20	0	-20	0	-20	0	-15	53	16	26	8	15	9	65	2	82	17	10	6	27	
-20	0	-20	0	-20	0	-20	0	-20	0	-20	0	-20	0	-20	0	-20	0	-20	0	-20	0	-20	0	-20	0	11	76	3	79	5	18	8	51	17	18	6	99	7	33	
-20	0	-20	0	-20	0	-20	0	-20	0	-20	0	-20	0	-20	0	-20	0	-20	0	-20	0	-20	0	-20	0	-20	0	-20	0	-20	0	-11	23	18	30	6	30	19	53	
-20	0	-20	0	-20	0	-20	0	-20	0	-20	0	-20	0	-20	0	-20	0	-20	0	-20	0	-20	0	-20	0	-20	0	12	31	13	29	1	95	6	99	7	79	18	76	
-20	0	-20	0	-20	0	-20	0	-20	0	-20	0	-20	0	-20	0	-20	0	-20	0	-20	0	-20	0	-20	0	-20	0	-6	26	15	50	5	87	14	62	2	14	13	30	
-20	0	-20	0	-20	0	-20	0	-20	0	-20	0	-20	0	-20	0	-20	0	-20	0	-20	0	-20	0	-20	0	-20	0	-20	0	-20	0	-20	0	-9	9	15	49	0	61	
-20	0	-20	0	-20	0	-20	0	-20	0	-20	0	-20	0	-20	0	-20	0	-20	0	-20	0	-20	0	-20	0	-20	0	-20	0	8	85	4	82	2	83	13	78	5	56	
-20	0	-20	0	-20	0	-20	0	-20	0	-20	0	-20	0	-20	0	-20	0	-20	0	-20	0	-20	0	-20	0	-20	0	-20	0	-6	69	17	45	19	82	0	6	10	13	
-20	0	-20	0	-20	0	-20	0	-20	0	-20	0	-20	0	-20	0	-20	0	-20	0	-20	0	-20	0	-20	0	-20	0	4	49	10	47	12	43	17	75	14	8	13	51	
-20	0	-20	0	-20	0	-20	0	-20	0	-20	0	-20	0	-20	0	-20	0	-20	0	-20	0	-20	0	6	24	12	20	10	31	0	33	14	33	16	77	2	50	8	80	
-20	0	-20	0	-20	0	-20	0	-20	0	-20	0	-20	0	-20	0	-20	0	-20	0	-20	0	-20	0	-6	56	17	63	12	18	16	17	0	30	8	16	1	7	5	35	
-20	0	-20	0	-20	0	-20	0	-20	0	-20	0	-20	0	-20	0	-20	0	-20	0	-20	0	-20	0	-20	0	-20	0	-20	0	-20	0	-20	0	-20	0	-11	9	15	36	
-20	0	-20	0	-20	0	-20	0	-20	0	-20	0	-20	0	-20	0	-20	0	-20	0	-20	0	-20	0	-20	0	-6	12	7	22	18	44	13	8	3	97	17	10	9	86	
-20	0	-20	0	-20	0	-20	0	-20	0	-20	0	-20	0	-20	0	-20	0	-20	0	-20	0	-20	0	-20	0	-20	0	-20	0	-20	0	-20	0	-20	0	-20	0	-20	0	
-20	0	-20	0	-20	0	-20	0	-20	0	-20	0	-20	0	-20	0	-20	0	-20	0	-20	0	-20	0	-20	0	-20	0	-20	0	-20	0	-20	0	9	27	17	67	12	25	
-20	0	-20	0	-20	0	-20	0	-20	0	-20	0	-20	0	-20	0	-20	0	-20	0	-20	0	-20	0	-20	0	-20	0	-20	0	2	80	12	97	16	19	7	73	0	20	
-20	0	-20	0	-20	0	-20	0	-20	0	-20	0	-20	0	-20	0	-20	0	-20	0	-20	0	-20	0	-20	0	-20	0	13	99	7	49	17	75	8	7	6	79	2	80	
-20	0	-20	0	-20	0	-20	0	-20	0	-20	0	-20	0	-20	0	-20	0	-20	0	-20	0	-20	0	-20	0	-20	0	-20	0	-20	0	-20	0	-12	75	15	35	18	29	
19	30	14	93	13	68	18	44	2	37	3	27	1	45	10	10	8	4	4	36	5	91	15	1	7	5	9	21	11	91	12	9	6	94	16	72	17	55	0	23	